(clusterNum+" "+temp+" "+clusterfinal+" "+energycompare)
40 685.1288899167553 40 685.1288899167553
39 684.263033177098 39 684.263033177098
38 684.3018592282451 39 684.263033177098
37 683.2418842221912 37 683.2418842221912
36 682.3012665579439 36 682.3012665579439
35 681.3654888601382 35 681.3654888601382
34 680.097475432662 34 680.097475432662
33 678.8372518108923 33 678.8372518108923
32 677.6211875318854 32 677.6211875318854
31 676.9810271666358 31 676.9810271666358
30 676.5894159608406 30 676.5894159608406
29 675.424590570049 29 675.424590570049
28 674.3372550458217 28 674.3372550458217
27 674.0138100589812 27 674.0138100589812
26 673.8383253114703 26 673.8383253114703
25 672.746055257108 25 672.746055257108
24 671.6409051754152 24 671.6409051754152
23 670.4927369264824 23 670.4927369264824
22 669.2006939636692 22 669.2006939636692
21 667.9313169985769 21 667.9313169985769
20 667.1766118264968 20 667.1766118264968
19 666.3936799430807 19 666.3936799430807
18 665.8139860814179 18 665.8139860814179
17 664.9402127779964 17 664.9402127779964
16 662.8891645870809 16 662.8891645870809
15 661.9239615218123 15 661.9239615218123
14 660.9938642132158 14 660.9938642132158
13 664.5177049275403 14 660.9938642132158
12 671.6868544681276 14 660.9938642132158
11 671.5916145710289 14 660.9938642132158
10 672.8557868446894 14 660.9938642132158
9 671.442275345813 14 660.9938642132158
8 674.864761916807 14 660.9938642132158
7 684.6520439866404 14 660.9938642132158
6 682.3932058325111 14 660.9938642132158