10.550341925461936 69.59226124191206
25.17197233062729 69.6502139842648
39.302480386301866 40.296864755949954
31.29768887913038 20.204384149508414
77.92450599355037 19.405522920885133
84.47314890213826 76.74562287437281
76.20293483579663 55.68528692564602
53.65901078721011 90.54402274535317
82.57710399247003 94.18304854214591
78.51940484972106 58.52375604983961
7.935973489517478 13.472340233236446
0.9640060538318784 1.618262281713545
10.965788330145687 95.90504350135265
54.63161931872781 57.308592200357644
81.56529808205816 47.93639085018986
99.81837562260901 81.97781605983384
84.09918011178578 89.25196735582189
15.669937575947056 61.937095656688754
10.639211107292157 59.21047569507375
38.898650383317445 13.326679326826286
85.84659194295656 47.02621992859057
68.85283107938568 10.5676955233304
59.77782159942231 38.15041106007674
42.456937813952635 20.638340159407765
22.65034171165221 83.47057142707514
19.35766235131897 36.1706385752862
76.48312942485039 40.23243634626047
7.552452622541073 94.21168598608477
2.531289503082834 3.998942327054289
2.8433567266109794 39.4658683289282
70.5626465018849 49.49602790179678
11.650492506560417 40.93225312863201
46.27818845017922 24.855149576043654
76.03583408478488 99.07402346482264
66.55716307388595 98.54751087939368
22.229468366286376 87.00438963020089
68.7115226517294 41.215279256027515
9.516791461974517 53.646204287216605
79.56329584618196 35.640070579553154
65.03661358207525 79.42002121921341
92.91242370620408 47.24926575177074
51.85648890617871 15.738124984973023
89.84143132776346 54.84581727289625
32.63300180846805 58.42959887201612
85.3072950347605 36.65733830973408
59.23116597979479 2.1942653609227536
16.599690012217472 30.33552012430182
39.868492679718514 98.28087386502376
24.498780990023295 37.196938130616196
9.665674962685134 90.80767630226622
16.34455677640473 20.78161578332046
57.927246055501904 38.491112306940536
41.733695768028824 57.71574080351309
46.04201254899185 38.02101764126423
56.18876811361434 34.9001586726159
83.58439812437484 52.918398767078514
95.89854837487363 51.206419262215
17.01432193485023 17.43451322623123
37.50711126545275 74.14727905081847
25.314563090542975 28.89761491332924
70.93325705876956 22.39873364285766
9.971034424228941 63.886386205851196
70.33074747588539 93.58583301787822
12.892754506564518 53.706759912143355
8.553734907587863 33.40463016210566
95.18473213580248 32.87144966107458
23.870679413959195 46.93784257679885
62.128369860979284 30.629208189828937
14.17391245544687 85.93191527851715
25.29040764360635 10.063444644881026
3.561001065656433 6.838333178859868
51.37285260005843 71.87753628979482
98.91785739174145 83.58219098155793
59.232689468393616 30.706770216785717
30.01255088646588 76.30622721591101
91.44166252667776 40.64456136370723
45.61261011529123 2.7486003345789656
4.822711487617148 93.64322062917387
20.267570007277147 32.44790759236879
95.59118142149687 39.547186523341026
11.652349778464377 25.629098173489506
99.04520486671123 79.73935413577371
96.7460421645385 68.40905396114493
81.19116322276298 67.72869931638422
6.624528190404999 13.87078938191727
70.2564734432616 9.480131676152359
74.27428063943904 24.59040822444568
59.733386157302505 93.885141649777
7.588594419860007 26.361017607091597
51.413869164698234 99.49442531962872
0.586433661649366 25.14308902000729
96.81708859187074 17.48138922820508
99.89792436993329 9.680790795666216
38.47735624046855 2.7780488785912882
50.68950708999394 60.759045483539474
48.751854193061625 15.422523813600119
56.455593811482615 14.736198846569549
13.123858840421388 42.37992026036953
0.48254080786074294 83.77233184776084
7.418546791399061 96.4461848020405